358 125
402 128
445 132
490 137
532 151
566 178
595 216
616 260
622 304
612 347
591 388
563 426
526 452
482 466
437 470
392 474
345 477
332 150
312 171
304 200
307 230
319 259
314 315
299 345
294 377
300 410
319 434
350 289
382 290
413 291
444 292
458 258
462 275
467 294
460 313
454 331
358 184
344 201
345 224
363 245
368 224
368 201
358 339
337 358
335 381
349 401
359 383
361 360
493 214
489 245
488 274
489 295
485 316
483 346
484 381
524 351
540 321
543 299
542 277
530 246
495 223
499 275
499 296
496 317
487 372
523 319
526 298
525 276
400 495
736 264
774 0
706 599
0 0
400 0
799 0
799 300
799 599
400 599
0 599
0 300
