328 148
365 146
401 147
439 150
476 159
510 178
540 203
566 232
576 272
572 317
552 361
526 401
493 433
454 451
411 459
371 463
329 464
301 160
280 170
269 193
269 220
277 245
277 301
268 333
268 365
279 396
301 417
313 273
344 271
376 268
409 266
417 237
426 252
434 270
426 290
418 310
321 188
312 203
311 222
322 241
324 222
325 203
323 322
312 341
312 361
322 379
326 361
326 342
459 213
455 234
454 256
457 275
453 294
453 322
458 353
481 325
490 297
491 276
489 256
480 234
461 223
466 255
467 275
464 294
460 344
473 296
475 276
472 256
360 514
676 294
680 0
588 599
0 0
400 0
799 0
799 300
799 599
400 599
0 599
0 300
