311 80
357 80
405 83
454 88
502 96
546 114
580 144
607 180
616 226
611 278
591 335
568 391
531 434
486 464
433 479
377 487
321 494
259 109
238 126
235 154
239 183
248 212
255 283
244 321
240 359
247 397
271 427
298 241
327 237
354 232
383 227
418 201
423 215
427 230
425 250
421 270
301 141
293 159
294 181
309 199
313 178
311 156
312 309
299 331
298 355
309 376
317 356
317 331
503 177
484 194
473 213
477 228
474 244
488 271
507 299
523 271
528 244
528 226
525 209
517 192
500 190
489 213
491 228
491 244
504 286
508 244
507 228
504 211
410 538
727 215
760 0
597 599
0 0
400 0
799 0
799 300
799 599
400 599
0 599
0 300

