179 62
201 64
222 66
245 68
266 75
283 89
297 108
308 130
311 152
306 173
295 194
281 213
263 226
241 233
218 235
196 237
172 238
166 75
156 85
152 100
153 115
159 129
157 157
149 172
147 188
150 205
159 217
175 144
191 145
206 145
222 146
229 129
231 137
233 147
230 156
227 165
179 92
172 100
172 112
181 122
184 112
184 100
179 169
168 179
167 190
174 200
179 191
180 180
246 107
244 122
244 137
244 147
242 158
241 173
242 190
262 175
270 160
271 149
271 138
265 123
247 111
249 137
249 148
248 158
243 186
261 159
263 149
262 138
200 247
368 132
387 0
353 299
0 0
200 0
399 0
399 150
399 299
200 299
0 299
0 150
