122 371
134 422
147 469
163 511
179 541
203 565
228 600
267 623
313 625
353 617
383 589
409 558
427 513
445 481
450 447
444 403
445 367
441 320
112 307
105 255
112 198
189 170
254 163
331 159
386 180
416 231
425 262
169 350
238 342
308 337
376 321
234 421
257 437
287 449
318 433
327 406
225 481
289 475
365 465
304 522
24 662
73 632
141 578
471 576
522 589
566 604
3 795
5 415
4 3
597 5
598 418
596 795
203 633
231 674
272 742
301 781
477 624
498 677
512 723
526 792
249 510
342 509
333 467
264 476

