155 316
159 340
163 370
166 396
169 423
176 451
194 485
217 515
240 542
278 565
319 575
361 560
387 530
409 503
423 474
437 440
443 399
454 357
157 276
161 217
180 155
237 152
318 150
396 150
438 190
449 251
451 315
207 344
272 345
337 350
401 344
267 401
275 428
308 439
339 429
332 403
250 481
310 462
353 479
314 500
25 590
74 547
151 473
450 486
503 526
555 572
5 797
9 377
6 2
594 5
595 388
596 793
176 544
150 583
144 648
143 748
448 569
460 619
478 689
475 773
276 505
338 495
335 469
284 469

